<?xml version="1.0"?>
<opencv_storage>
<Distortion type_id="opencv-matrix">
  <rows>5</rows>
  <cols>1</cols>
  <dt>f</dt>
  <data>
    -1.17564917e-01 1.04973149e+00 -9.81796999e-04 1.41067356e-02
    -2.33551526e+00</data></Distortion>
</opencv_storage>
